

VALEURS_PIECES = {
    'p': 100,
    'n': 320,
    'b': 330,
    'r': 500,
    'q': 900,
    'k': float ('inf'),
}

VALEURS_POITIONS_BLANCHES = {
    'p': [
        0, 0, 0, 0, 0, 0, 0, 0,
        50, 50, 50, 50, 50, 50, 50, 50,
        10, 10, 20, 30, 30, 20, 10, 10,
        5, 5, 10, 25, 25 , 10 , 5 , 5,
        -10,-10,-20,-25,-25,-20,-10,-10,
        -25,-25,-35,-45,-45,-35,-25,-25,
        -37.5,-37.5,-47.5,-75,-75,-47.5,-37.5,-37.5,
        -50 ,-50,-50,-50,-50,-50,-50,-50
    ],

    'n': [
        -50,-40,-30,-30,-30,-30,-40,-50,
        -40,-20,0,0,0,0,-20,-40,    
        -30,0,10,15,15,10,0,-30,
        -30,5,15,20,20,15,5,-30,
        -30,0,15,20,20,15,0,-30,
        -30,5,10,15,15,10,5,-30,
        -40,-20,0,5,5,0,-20,-40,
        -50,-40,-30,-30,-30,-30,-40,-50
    ],

    'b': [
        -20, -10, -10, -10, -10, -10, -10, -20,
        -10, 0, 0, 0, 0, 0, 0, -10,
        -10, 0, 5, 10, 10, 5, 0, -10,
        -10, 5, 5, 10, 10, 5, 5, -10,
        -10, 0, 10, 10, 10, 10, 0, -10,
        -10, 10, 10, 10, 10, 10, 10, -10,
        -10, 5, 0, 0, 0, 0, 5, -10,
        -20, -10, -10, -10, -10, -10, -10, -20
    ],
    
    'r': [
        5, 7.5, 10, 10, 10, 10, 7.5, 5,
        -20, 5, 5, 5, 5, 5, 5, -20,
        -50, 0, 0, 0, 0, 0, 0, -50,
        -50, 0, 0, 0, 0, 0, 0, -50,
        -50, 0, 0, 0, 0, 0, 0, -50,
        -50 , 0 , 0 , 0 , 0 , 0 , 0 , -50,
        -50 , -5 , -5 , -5 , -5 , -5 , -5 , -50,
        -20 ,-20,-10 ,-5 ,-5 ,-10 ,-10 ,-20
    ],

    'q': [
        -20, -10, -10, -5, -5, -10, -10, -20,
        -10, 0, 0, 0, 0, 0, 0, -10,
        -10, 0, 5, 5, 5, 5, 0, -10,
        -5 , 0 , 5 , 5 , 5 , 5 , 0 , -5,
        0 , 0 , 5 , 5 , 5 , 5 , 0 , -10,
        -10 , 5 , 5 , 5 , 5 , 5 , 0 ,-10,
        -10 , 0 , 5 , 0 , 0 , 0 , 0 ,-10,
        -20 ,-10 ,-10 ,-5 ,-5 ,-10 ,-10 ,-20
    ],

    'k': [
        -30, -40, -40, -50, -50, -40, -40, -30,
        -30, -40, -40, -50, -50, -40, -40, -30,
        -30, -40, -40, -50, -50, -40, -40, -30,
        -30 , 0 , 0 , 0 , 0 , 0 , 0 , -30,
        -20 , 20 , 20 , 20 , 20 , 20 , 20 ,-20,
        -10 ,-20 ,-20 ,-20 ,-20 ,-20 ,-20 ,-10,
        20 , 20 , 0 , 0 , 0 , 0 , 20 , 20,
        20 , 30 , 10 , 0 , 0 , 10 , 30 , 20
     ]
}

#SURTOUT POUR L'EARLY GAME, IL FAUDRA UTILISER UN COEFFCIENT QUI SE REDUIT AU FUR ET A MESURE

VALEURS_POSITIONS_NOIR = {
    'P': VALEURS_POITIONS_BLANCHES['p'][::-1],
    'N': VALEURS_POITIONS_BLANCHES['n'][::-1],
    'B': VALEURS_POITIONS_BLANCHES['b'][::-1],
    'R': VALEURS_POITIONS_BLANCHES['r'][::-1],
    'Q': VALEURS_POITIONS_BLANCHES['q'][::-1],
    'K': VALEURS_POITIONS_BLANCHES['k'][::-1]
}

def mini_max ():
    pass

def alpha_beta ():
    pass

